10 10 15 30 25 24 16 1 24 12 15 30 5 25 23 14 3 15 25 19 28 7 3 12 28 15 4 23 27 28
15 13 4 22 6 28 13 13 1 28 7 20 24 16 12 25 6 9 27 12 6 3 9 2 16 13 27 20 24 16
16 20 8 27 29 12 29 15 28 10 1 15 17 3 24 9 24 14 22 8 4 28 6 28 28 28 3 4 5 19
1 3 12 8 13 5 24 4 4 28 29 6 18 29 28 11 27 14 2 14 21 8 17 27 11 10 16 11 18 23
27 21 28 18 21 7 3 19 10 5 4 4 15 6 28 9 23 29 1 4 23 4 20 2 8 1 22 14 19 6
29 6 18 17 2 22 26 22 16 26 4 21 14 10 18 12 9 3 3 16 22 15 15 16 8 2 5 26 4 15
5 22 9 7 14 24 30 9 6 27 9 21 11 17 18 10 10 5 30 20 29 17 26 5 26 2 13 17 4 27
13 25 13 25 14 12 3 25 14 29 16 22 19 25 7 21 30 13 28 12 5 17 17 8 28 17 8 4 20 6
12 17 15 19 5 11 26 20 15 20 26 29 1 7 22 9 20 4 20 20 18 4 26 21 19 21 27 14 13 1
9 22 12 4 18 4 15 11 19 15 7 2 28 10 4 19 11 4 24 11 24 11 22 17 8 27 18 8 15 12
16 6 4 29 28 23 22 19 10 23 16 17 10 12 8 30 21 12 9 2 23 21 6 25 8 21 7 3 23 26
28 19 10 21 29 25 2 21 28 24 11 21 4 28 20 7 12 9 2 13 10 2 3 12 11 18 21 19 26 7
12 13 27 21 16 29 27 24 25 28 10 30 3 28 30 18 15 12 16 30 20 11 5 9 30 12 21 25 2 6
19 22 8 28 23 14 7 19 2 30 24 24 17 25 19 12 5 11 2 12 18 16 29 13 25 3 25 16 8 10
12 30 9 3 20 9 8 7 3 4 30 25 13 2 6 21 28 24 18 12 13 22 23 20 11 11 19 7 28 29
13 5 9 18 29 17 20 27 28 17 29 2 14 22 13 29 28 29 22 12 21 28 23 18 10 20 15 25 18 7
8 9 28 2 17 4 2 7 20 3 18 1 3 10 28 9 9 21 26 4 17 2 3 2 18 4 25 26 11 3
11 12 27 8 6 6 18 7 15 23 14 16 27 9 19 10 14 22 22 23 21 27 17 6 24 14 4 28 28 2
27 24 14 24 30 21 10 29 20 16 3 5 27 26 3 27 20 23 17 17 17 16 1 6 27 9 26 24 25 17
15 4 4 8 2 23 9 2 23 5 4 28 8 1 12 11 25 13 27 21 3 27 19 21 5 26 20 25 27 14
18 3 10 3 26 15 30 7 8 24 21 25 25 15 13 21 16 4 10 11 3 17 25 14 4 6 19 6 10 19
21 27 16 19 2 4 22 25 14 6 5 8 2 24 11 13 25 18 6 18 18 16 30 7 6 2 21 14 9 16
10 12 23 9 6 1 21 8 17 4 27 22 27 6 22 3 19 26 28 19 19 15 13 30 12 16 13 13 21 24
4 23 5 10 9 18 2 9 24 29 23 10 23 26 8 19 1 15 6 5 13 14 24 24 22 16 1 29 7 21
18 9 24 15 27 11 12 27 3 16 24 3 7 7 16 27 17 17 3 25 15 6 17 5 11 28 21 11 28 17
12 22 1 3 21 3 18 27 15 16 13 24 6 27 23 14 15 15 21 8 27 17 23 30 6 15 22 13 18 26
25 21 24 12 18 26 20 22 16 24 23 10 2 27 24 2 14 14 24 18 19 5 22 30 20 19 16 8 28 28
26 20 18 4 5 7 11 12 9 15 11 20 16 24 27 8 2 14 20 16 23 15 16 15 18 15 3 17 21 2
26 7 5 30 6 24 26 11 29 1 27 5 16 30 14 20 29 26 20 18 17 19 7 21 3 6 29 15 29 30
29 6 21 15 16 28 16 13 28 18 29 27 22 23 22 10 14 19 16 11 15 7 23 1 22 27 5 20 14 4
3 8 19 5 8 10 25 25 16 8 12 10 30 9 10 5 8 5 30 13 26 18 16 19 12 15 29 2 28 19
23 21 17 9 14 21 21 7 6 12 6 20 12 24 12 29 4 20 10 8 21 27 26 24 26 9 15 7 25 11
30 4 6 29 25 26 21 26 10 25 14 25 24 29 5 11 20 10 30 17 6 20 22 16 18 1 26 9 23 1
22 15 16 15 13 16 18 23 12 30 9 2 2 22 15 24 10 12 14 19 7 3 9 23 21 7 21 20 24 27
11 25 24 10 1 24 11 7 7 30 19 2 21 28 15 22 26 1 13 26 11 8 4 10 24 18 6 14 12 22
8 20 13 28 20 14 24 6 5 7 11 25 21 14 23 26 16 27 16 29 9 25 23 30 10 13 13 25 30 20
1 23 17 29 12 18 4 14 30 4 20 9 23 30 21 28 16 11 20 7 5 28 22 28 19 12 20 24 25 27
29 3 2 7 3 25 9 12 20 3 24 26 14 16 16 23 26 4 22 20 22 2 18 22 18 10 20 19 10 7
18 19 16 17 17 5 19 28 8 12 11 4 15 2 17 30 16 5 3 2 23 12 7 20 22 8 28 26 18 8
3 17 30 24 1 20 19 19 30 24 6 20 13 4 11 9 19 19 25 24 3 24 5 25 30 7 3 17 21 1
8 5 23 3 21 3 19 20 18 16 23 3 13 5 28 15 17 23 20 1 2 29 6 1 1 19 15 16 28 4
13 18 8 4 12 2 9 26 29 22 29 26 30 20 7 19 25 27 7 15 22 1 18 28 14 22 28 1 14 23
8 17 28 5 20 13 9 29 30 24 18 29 25 4 12 21 15 22 27 18 19 6 8 25 12 15 15 26 6 11
7 9 19 21 8 25 25 28 4 18 10 26 14 29 30 29 3 3 10 24 6 16 16 4 13 18 7 11 28 26
24 27 17 20 25 11 19 5 23 27 11 28 24 30 13 5 27 21 29 18 29 7 14 28 8 25 26 18 23 22
6 13 16 26 28 5 27 8 15 14 2 12 6 2 16 18 2 17 21 17 18 27 12 11 28 29 4 28 5 26
2 16 8 4 24 17 26 1 6 10 4 30 17 20 4 20 21 27 1 22 18 17 15 17 24 26 9 14 24 11
26 19 16 11 25 12 1 29 11 8 10 20 23 29 29 14 8 7 7 14 10 30 13 5 14 14 11 16 4 3
17 11 13 6 6 19 24 17 9 21 8 21 17 20 6 5 17 21 6 2 6 18 24 22 3 22 30 15 26 11
22 28 16 1 29 30 28 5 5 16 6 11 4 14 27 28 25 18 22 13 8 10 20 23 15 4 14 16 23 30
8 18 5 4 24 18 13 17 16 4 14 4 26 4 8 21 18 5 2 23 29 13 19 17 21 8 26 11 14 8
25 14 29 27 7 12 9 21 3 9 29 27 6 20 26 15 13 20 29 4 16 21 2 11 7 20 16 17 12 10
3 24 28 11 28 13 8 19 8 6 10 18 1 22 13 7 7 8 2 21 15 15 9 8 28 3 10 20 22 26
25 8 29 3 30 27 24 1 2 29 18 4 24 1 29 16 19 5 23 23 13 23 29 8 19 5 5 11 1 26
17 27 4 20 8 26 18 21 5 21 17 27 27 4 29 24 11 28 6 12 25 8 25 18 25 21 29 22 7 3
16 4 29 22 27 20 3 12 9 18 30 4 3 16 16 30 25 14 7 10 25 13 24 12 4 24 14 28 6 24
1 12 23 30 13 10 13 17 29 17 21 9 25 17 14 9 13 5 24 11 3 5 18 7 15 6 20 2 3 4
21 22 5 30 29 19 12 18 25 18 6 29 16 29 11 9 13 29 24 4 20 10 20 11 15 19 2 9 23 5
20 17 10 1 8 10 26 23 16 3 7 21 11 6 30 12 18 15 12 22 18 3 22 29 25 8 17 26 26 24
30 8 9 2 20 3 8 24 27 19 19 15 7 6 18 21 27 27 9 4 20 22 5 12 25 30 21 25 16 21
28 2 29 20 18 23 22 10 16 18 15 6 11 3 23 7 10 25 10 27 15 23 8 17 14 11 26 28 14 3
5 6 22 6 7 16 14 6 1 6 27 15 29 16 27 22 21 2 19 25 19 24 12 5 4 12 18 17 2 28
19 1 14 9 5 22 17 8 1 23 13 15 23 11 29 20 2 23 22 22 26 18 17 6 23 29 16 13 15 12
26 1 13 5 12 12 11 16 1 23 3 5 21 18 6 26 13 15 19 26 28 12 5 11 5 7 30 30 3 3
19 3 20 1 1 10 4 11 2 3 20 4 25 21 25 30 6 5 22 14 2 10 15 30 23 2 17 20 8 13
16 3 20 5 6 5 6 8 28 22 23 7 8 7 24 6 25 25 26 24 13 16 1 7 24 3 2 1 22 21
24 17 7 2 5 27 19 1 13 6 19 22 5 11 17 24 11 17 16 18 5 4 13 6 14 8 11 28 8 28
29 12 17 30 21 25 2 9 11 24 6 10 24 19 21 7 10 2 18 8 29 2 11 12 21 4 9 19 19 8
6 1 30 6 23 15 7 24 5 23 30 29 30 10 2 3 7 6 18 27 14 10 15 30 17 24 14 19 10 9
6 30 24 22 28 3 25 28 4 11 14 3 1 23 21 18 4 26 16 23 15 6 30 25 9 1 19 2 21 24
11 12 23 26 13 13 8 28 28 6 29 28 2 11 7 17 19 1 25 12 1 14 18 30 25 26 19 19 20 21
14 21 24 22 10 18 22 29 12 9 9 29 7 16 25 21 28 29 9 28 15 8 11 10 25 21 28 23 27 16
12 18 7 19 12 25 11 7 18 18 24 27 30 12 16 30 8 21 9 29 10 21 20 28 22 16 20 20 20 1
10 4 22 11 30 17 26 26 14 19 25 23 15 28 26 14 4 29 6 22 4 5 11 16 9 23 22 1 18 9
2 21 4 14 5 26 27 1 12 15 27 27 8 21 22 18 12 2 24 24 6 16 26 25 28 20 30 7 20 13
18 16 29 5 21 6 20 19 21 27 8 27 6 14 3 10 29 14 24 12 8 8 5 28 1 13 6 30 2 7
25 30 24 6 25 21 7 23 22 9 13 5 12 1 11 30 23 14 22 21 27 2 10 24 28 9 3 20 24 2
24 13 30 11 14 27 17 10 22 1 20 10 3 27 30 3 14 9 6 21 18 6 15 7 9 5 26 3 17 4
1 9 2 7 29 19 25 7 3 21 4 1 8 20 9 28 17 19 13 13 30 28 6 8 6 25 18 2 22 16
21 28 12 27 7 16 8 18 16 14 19 17 25 29 1 21 4 4 3 12 30 16 25 28 17 10 19 27 15 12
4 27 23 9 16 7 6 26 23 2 25 27 20 12 22 28 14 11 14 1 30 26 1 5 26 5 2 15 5 18
25 22 13 25 2 14 1 2 23 29 14 20 4 13 12 29 21 4 30 5 27 25 14 13 8 4 7 8 22 9
28 24 4 14 30 10 1 16 8 25 28 18 15 15 26 4 28 28 21 3 11 21 3 8 29 17 8 9 4 18
30 12 17 15 19 27 26 13 24 18 29 10 23 27 24 17 9 28 13 16 16 8 13 27 10 9 21 1 29 1
8 1 23 12 24 6 2 24 21 8 17 28 4 30 5 23 10 18 25 23 4 17 17 22 6 6 14 14 12 11
7 16 20 12 30 13 28 24 1 8 9 5 1 8 27 3 25 11 1 15 2 18 28 16 28 23 4 16 30 12
6 21 17 12 30 7 24 1 12 1 26 23 16 2 24 29 14 17 30 4 21 1 24 3 18 1 27 30 9 27
22 8 21 21 24 20 30 26 8 11 19 30 27 8 19 14 19 12 6 14 5 19 22 27 27 19 8 28 17 7
9 1 14 2 14 6 23 6 29 11 25 29 19 25 30 4 8 15 8 25 15 15 16 22 21 19 11 17 12 29
3 3 9 5 13 3 2 8 1 4 2 2 2 20 19 8 3 11 19 13 17 1 25 5 23 27 15 13 29 11
28 28 7 10 19 14 27 12 15 20 15 9 6 19 6 19 1 28 4 6 1 29 9 29 20 27 22 18 3 1
22 26 9 4 20 5 5 17 22 25 12 6 28 7 8 12 19 29 27 17 18 6 8 29 27 17 7 15 7 7
22 28 26 17 3 17 12 6 16 6 9 7 6 16 1 29 10 30 14 16 2 3 25 11 20 15 8 28 11 29
24 23 27 21 27 14 24 26 29 9 21 18 8 2 16 2 26 1 7 19 11 18 8 22 30 21 4 11 8 7
20 18 12 11 11 20 17 28 9 21 18 24 30 30 13 26 15 20 13 1 16 23 21 5 28 22 21 11 7 15
29 25 1 24 21 13 16 8 25 9 9 14 22 1 11 27 13 19 17 27 22 2 7 18 6 19 25 15 16 9
6 24 9 9 6 15 3 18 27 1 10 14 1 2 26 30 12 16 4 15 7 4 19 3 27 25 29 22 27 26
10 19 10 4 13 26 16 30 17 15 26 9 20 23 30 15 28 17 15 24 13 20 24 23 3 23 21 7 30 8
22 29 11 5 1 28 17 29 2 22 20 17 4 4 4 6 30 25 15 26 3 5 23 23 1 27 29 27 9 13
28 14 12 19 5 17 3 24 24 30 14 26 14 29 25 28 18 10 16 9 19 29 27 25 19 27 28 20 14 18
6 2 1 19 21 15 12 18 6 23 16 28 14 3 17 19 29 5 11 27 24 8 23 30 25 2 27 13 8 9
8 4 11 28 7 29 3 17 5 19 16 17 10 8 15 3 24 3 19 25 25 26 4 10 17 4 7 6 17 10
11 29 30 13 12 19 25 2 9 3 23 7 29 3 15 1 8 3 25 4 15 22 10 3 28 8 30 11 17 29
30 7 20 27 3 25 27 2 19 12 12 11 1 4 6 12 8 15 21 14 24 22 25 29 3 18 3 18 19 17
20 9 4 24 5 21 16 30 17 29 28 20 17 5 18 27 10 28 28 15 7 30 7 20 12 15 6 27 30 3
23 23 15 29 7 12 24 25 15 15 21 16 29 17 1 18 14 13 17 26 12 25 7 1 14 6 18 7 15 26
8 21 6 9 8 25 2 14 17 7 24 3 5 3 18 6 10 19 4 3 14 25 12 9 1 12 19 29 6 11
6 23 19 9 18 15 20 23 22 8 29 15 28 26 19 10 24 7 3 6 7 14 1 7 29 10 18 26 26 21
11 19 13 3 27 4 9 27 30 30 5 20 15 3 14 17 14 11 11 2 15 29 2 30 5 13 15 12 21 18
17 3 7 12 20 26 15 17 25 22 8 16 16 29 16 10 24 7 22 4 29 24 23 2 5 21 22 1 16 3
29 16 13 8 2 18 9 13 29 16 16 8 6 3 25 25 19 16 10 11 16 3 8 25 15 4 19 15 25 1
6 15 15 3 4 4 16 21 5 14 5 25 18 9 9 2 13 8 13 3 15 10 28 22 30 22 21 4 2 20
3 22 30 30 8 16 3 28 8 30 16 14 4 1 22 29 17 25 13 18 6 16 4 19 28 24 3 12 10 25
25 20 10 19 24 4 27 2 7 28 27 7 4 1 4 28 20 8 5 30 25 21 23 16 7 29 26 11 8 17
24 20 3 1 28 4 13 1 27 17 6 23 9 4 8 16 28 25 27 13 9 10 4 19 29 4 24 9 15 22
30 29 25 13 3 8 10 30 10 3 1 9 21 23 18 11 4 2 27 27 23 2 19 24 26 24 14 12 25 19
18 15 26 27 24 30 10 9 9 4 10 5 23 14 7 22 11 25 26 28 14 24 28 3 20 9 15 17 23 20
30 10 28 24 15 7 14 16 21 27 22 23 3 16 16 29 9 17 22 11 27 2 13 5 10 11 19 29 17 2
18 25 30 8 7 13 26 7 24 4 3 22 3 1 13 12 19 22 18 28 6 5 11 20 5 8 9 22 8 10
7 24 18 13 16 18 14 23 29 13 27 29 24 1 29 25 5 22 6 5 3 14 25 22 4 20 28 23 12 6
18 9 2 18 30 11 19 1 14 19 18 15 19 11 23 23 30 12 24 25 23 16 1 20 19 3 5 22 24 27
27 9 26 16 12 30 11 16 27 3 5 21 8 26 13 11 12 26 14 26 26 27 21 27 4 5 15 3 16 26
6 13 23 20 1 3 26 21 13 17 20 29 19 11 22 2 7 10 22 8 20 30 2 7 3 18 7 14 12 22
27 3 20 26 18 4 13 23 18 16 18 8 5 7 6 11 25 18 1 30 5 8 28 29 6 11 29 8 24 25
19 5 10 4 14 6 3 5 8 22 28 8 24 12 9 12 5 19 24 21 8 5 16 26 23 12 14 2 17 22
17 26 2 27 15 5 16 30 29 10 15 9 8 3 11 18 2 12 16 17 25 24 11 26 24 14 3 15 4 8
30 20 19 2 17 3 27 29 28 18 3 12 16 2 23 27 19 12 6 1 14 3 8 29 25 1 4 8 25 26
30 10 21 5 19 11 11 23 5 24 1 26 13 13 23 2 12 20 1 4 19 22 21 15 12 7 7 15 9 28
22 6 6 16 23 4 18 1 18 17 21 7 22 26 27 22 1 2 23 16 6 29 11 4 29 7 20 17 13 18
2 27 7 20 29 25 9 28 17 17 10 30 27 22 8 22 30 10 8 24 30 28 26 14 26 20 22 19 3 24
18 20 26 29 23 17 1 26 4 27 20 8 2 22 12 29 5 18 13 9 21 15 17 1 5 19 19 1 7 3
22 20 17 1 15 3 13 16 20 19 30 30 11 24 1 22 26 4 9 18 14 8 20 21 30 19 5 23 6 7
10 4 7 5 16 28 11 4 1 18 22 7 26 4 24 4 15 23 6 21 20 25 24 14 7 14 28 20 24 25
17 8 6 25 2 18 14 2 1 6 30 13 14 24 24 30 21 27 25 26 20 18 11 5 20 20 19 18 1 7
23 8 15 11 9 23 2 1 23 17 7 20 16 5 10 26 2 2 4 16 5 30 17 13 4 1 12 27 2 13
22 7 7 11 9 27 28 26 10 16 26 7 13 4 17 9 21 3 20 24 8 26 4 20 1 7 23 10 28 19
5 1 11 26 25 4 8 19 30 24 3 3 22 19 10 5 16 11 8 15 23 17 24 27 5 10 27 13 24 21
13 25 2 5 18 16 29 28 7 9 29 28 23 15 20 30 11 1 27 10 12 8 6 6 2 20 18 14 17 21
23 22 22 18 3 4 24 24 16 28 1 14 4 27 13 1 5 17 9 12 4 5 6 25 1 18 18 16 3 14
11 12 13 24 22 30 6 10 23 23 25 7 4 10 7 1 29 11 18 27 26 25 2 18 17 24 9 17 16 12
29 19 9 19 30 9 11 30 13 4 23 10 26 24 22 19 30 23 22 27 14 24 26 27 12 30 13 2 22 19
29 15 14 4 9 5 9 3 2 4 11 25 25 28 28 1 27 20 26 20 30 19 5 1 16 6 22 22 20 27
16 22 18 6 13 17 20 16 17 1 27 4 3 7 29 28 6 27 7 30 10 20 17 15 3 12 8 1 21 11
7 18 30 4 25 17 13 14 21 15 19 5 5 30 30 12 9 16 20 28 20 10 7 5 19 15 5 2 17 3
14 2 12 28 26 10 2 2 20 14 4 10 12 13 28 27 19 19 30 16 4 19 14 12 30 5 14 12 7 13
7 14 30 4 22 7 26 12 10 27 12 18 30 7 14 7 7 18 8 26 12 3 25 13 7 27 6 2 16 20
23 11 13 21 10 29 9 4 5 7 18 2 3 11 8 6 11 13 13 20 3 21 8 22 21 13 16 28 8 20
19 6 16 12 13 15 15 1 8 17 26 27 1 7 24 24 30 29 30 26 17 25 17 18 14 27 19 16 16 17
22 18 21 10 29 14 9 2 3 28 29 30 9 26 15 20 11 14 10 25 21 3 25 26 14 14 24 3 29 1
25 20 13 30 7 10 27 25 27 1 8 19 28 30 14 30 28 13 25 16 29 5 18 25 18 16 28 15 1 6
11 8 25 3 26 5 15 6 27 25 14 26 8 1 19 25 28 2 26 27 28 29 27 22 16 20 24 16 24 8
12 18 4 30 2 14 11 4 27 10 5 27 29 23 7 6 18 1 26 28 3 18 15 9 2 7 17 8 14 8
21 26 25 20 27 26 2 9 22 16 12 16 8 26 28 30 26 30 6 28 22 5 25 10 11 3 5 2 4 26
28 13 11 27 1 18 29 23 21 26 24 30 20 14 20 17 30 11 21 20 1 14 24 24 8 13 16 14 15 9
15 26 10 3 18 7 29 28 29 8 7 27 8 9 16 12 15 23 18 9 17 28 22 14 10 1 17 23 20 15
8 24 7 6 12 23 5 20 16 2 6 22 4 13 13 7 3 6 4 22 9 2 7 20 14 6 29 20 28 8
16 18 28 29 19 1 6 19 4 3 27 14 5 21 8 13 7 29 2 7 29 24 17 13 1 21 9 25 9 27
16 15 13 11 25 29 13 13 29 16 23 9 13 4 14 11 7 28 10 29 9 17 13 19 6 10 14 23 19 10
21 14 11 7 17 28 16 23 4 28 12 11 26 23 15 6 14 25 29 28 5 20 3 30 7 16 3 5 12 27
10 8 11 5 16 27 1 27 5 18 6 17 25 5 26 2 2 21 6 7 14 10 21 3 9 24 30 17 22 1
3 11 28 8 6 26 18 5 6 7 13 25 23 26 19 15 3 17 6 1 2 19 13 6 4 24 25 28 15 20
11 13 10 9 11 28 4 12 18 17 25 1 13 6 28 2 7 16 19 13 13 24 21 2 6 6 22 6 4 23
8 3 6 27 1 12 16 19 5 26 7 15 7 27 8 19 16 4 27 12 24 15 19 4 27 6 1 3 18 17
14 9 22 18 25 22 16 13 24 13 16 18 22 12 23 24 30 16 17 15 21 9 1 19 19 18 7 13 6 10
4 28 1 5 20 27 10 23 5 8 13 20 11 19 1 28 21 27 15 15 9 1 29 5 8 18 22 12 12 6
5 22 3 26 12 24 20 29 2 22 1 30 13 16 26 29 17 3 8 1 15 21 9 10 1 5 12 2 9 27
16 27 28 19 23 24 6 5 3 19 9 18 10 6 16 4 3 11 22 9 17 19 20 29 22 15 29 28 23 17
30 13 13 11 20 11 20 2 8 8 18 21 19 24 26 19 2 28 21 19 9 5 3 2 5 22 26 2 16 25
30 14 8 4 26 9 21 15 21 22 18 6 9 8 10 17 6 16 2 11 5 20 21 19 27 2 1 25 28 5
19 23 4 17 13 25 30 28 29 26 28 5 28 4 15 15 10 28 12 3 23 12 9 29 2 22 3 12 1 26
10 28 20 22 21 17 17 28 3 19 10 25 8 21 14 21 5 25 6 25 24 25 22 17 13 8 28 7 7 5
2 26 22 19 11 30 25 4 8 26 26 25 25 27 2 14 28 25 11 16 24 19 12 11 6 14 26 25 9 25
22 17 18 4 6 22 30 11 28 17 29 3 13 4 17 7 5 29 23 30 28 2 14 22 29 16 20 22 14 17
12 21 16 2 17 8 15 27 9 15 19 24 18 23 11 19 8 25 23 12 14 19 26 26 10 21 25 5 3 4
13 30 4 23 27 8 24 3 19 24 29 27 21 15 7 2 7 5 2 13 7 19 12 13 4 3 21 3 23 26
21 27 19 28 10 11 11 28 18 17 6 22 11 23 27 6 14 13 13 5 21 23 5 1 18 17 5 22 30 28
12 30 5 29 4 18 27 9 3 3 3 5 18 12 29 15 25 17 7 28 23 12 13 8 30 26 27 23 19 18
24 22 11 20 18 20 22 10 28 5 24 3 11 16 24 28 13 11 25 22 24 28 30 8 18 8 10 4 29 11
30 20 20 30 16 27 18 2 14 20 15 17 13 13 3 9 24 15 19 11 7 18 6 2 14 24 18 13 29 23
16 12 8 10 20 28 16 5 19 9 14 8 10 30 8 6 13 16 29 13 1 4 9 10 16 27 29 26 18 28
10 9 27 25 3 22 14 17 23 8 23 13 13 19 30 29 9 11 1 8 19 9 17 27 21 18 25 8 28 7
14 25 14 30 5 27 9 12 14 21 23 8 9 20 6 12 24 7 6 22 14 3 4 21 12 9 30 5 21 4
28 14 20 19 3 2 15 24 23 1 16 17 22 22 17 20 6 4 9 26 27 16 25 25 8 14 12 14 17 10
11 29 9 23 20 3 21 22 23 25 13 10 7 8 6 20 27 29 24 10 20 29 7 20 9 7 21 2 8 12
21 10 29 24 20 17 25 25 29 2 15 5 27 15 17 10 19 8 13 21 21 23 20 3 27 10 7 5 14 12
12 29 5 12 20 28 4 5 6 7 27 7 25 25 16 13 3 29 5 5 21 5 13 6 15 2 25 17 12 14
4 18 25 19 16 21 16 17 14 19 18 14 8 4 1 30 22 10 17 20 4 21 2 16 16 22 23 19 24 30
25 23 26 29 24 16 2 6 27 8 10 10 27 1 22 28 4 8 15 24 5 18 6 20 29 20 6 27 10 11
20 10 13 19 22 27 27 25 10 15 21 15 14 29 12 8 12 28 10 12 10 13 21 17 14 8 12 26 29 12
2 22 28 5 15 23 22 7 28 20 18 2 12 12 21 15 12 27 1 26 22 12 7 15 22 3 30 12 14 22
26 14 2 6 12 5 3 10 5 26 14 13 14 24 14 22 10 9 20 12 21 24 1 25 2 8 15 28 25 10
8 21 1 27 16 16 13 9 7 2 29 20 10 29 18 27 27 27 8 13 25 9 28 9 16 17 25 29 7 22
1 24 8 30 18 29 22 9 19 17 12 6 18 23 8 6 2 26 25 26 12 14 11 14 5 29 4 13 7 19
9 18 22 7 10 23 8 21 16 5 17 4 15 24 1 27 22 5 13 28 9 26 18 6 27 4 8 11 5 28
3 3 2 6 8 27 15 24 1 22 18 29 27 20 2 17 22 25 18 13 30 26 9 7 16 9 8 1 13 7
5 13 27 14 6 13 14 9 26 23 30 26 22 20 8 9 22 29 3 15 9 12 24 5 24 18 15 15 3 9
20 12 8 22 8 21 24 25 16 12 23 6 3 5 18 11 27 30 16 11 18 27 28 2 2 18 17 21 4 6
14 10 7 6 30 13 20 6 19 26 9 24 3 2 1 11 27 16 2 27 8 25 10 8 15 30 5 2 23 7
20 4 20 16 4 19 7 8 23 19 18 16 22 13 20 5 23 19 13 15 21 15 28 17 5 27 19 9 4 29
2 24 4 30 13 12 10 1 10 2 20 2 4 8 2 21 3 26 29 11 18 3 27 29 29 16 29 24 2 14
